Multiple size <= 100
TEST 1 ARG:74 46 33 71 66 26 70 98 99 37 59 68 5 84 0 88 62 53 12 77 64 60 67 51 2 25 81 8 72 54 6 1 90 27 38 32 29 41 55 3 61 83 82 63 48 35 28 73 91 30 94 11 23 76 50 93 20 24 17 14 22 13 16 87 43 39 52 69 80 56 95 18 42 92 49 44 57 34 65 21 10 75 97 79 4 31 15 9 40 19 47 89 85 45 7 86 58 78 96 36
TEST 2 ARG:78 71 99 20 22 62 72 98 10 21 91 45 38 33 43 89 67 34 47 35 32 88 51 60 11 16 29 81 92 86 4 7 0 41 3 31 2 76 55 69 87 24 6 18 61 93 13 42 82 58 59 84 36 26 1 50 25 15 64 49 5 73 44 9 17 80 65 48 37 19 96 90 79 77 94 12 52 63 39 68 14 70 8 53 97 56 23 83 46 85 27 57 66 95 40 74 54 30 75 28
TEST 3 ARG:1 78 84 26 57 83 90 6 88 60 12 74 34 7 95 2 41 86 39 87 5 14 82 65 61 38 36 85 17 40 69 23 9 56 4 75 28 63 49 96 67 15 81 35 47 89 37 48 62 32 92 50 77 70 18 46 59 22 54 44 52 68 30 73 42 29 11 76 79 33 94 98 20 19 31 55 93 21 99 64 51 71 80 8 97 72 91 53 3 10 24 45 0 16 43 66 25 27 13 58
TEST 4 ARG:92 44 32 9 80 34 55 57 36 82 27 87 29 1 85 39 90 0 21 63 19 89 10 83 46 51 88 93 78 22 4 69 75 20 37 91 86 54 76 77 72 33 13 23 97 50 43 95 24 12 41 26 53 74 25 17 11 64 58 94 35 6 79 56 71 66 7 62 30 16 31 49 14 59 45 60 65 52 18 48 96 40 84 8 15 68 99 81 28 67 42 38 73 61 70 3 98 5 2 47
TEST 5 ARG:97 81 22 62 43 72 1 87 9 25 92 66 82 26 13 5 98 15 0 63 49 60 30 41 73 57 20 85 67 46 3 83 18 44 17 27 52 95 14 12 94 53 40 54 74 37 77 32 86 35 36 8 34 68 80 29 4 50 48 7 16 31 38 39 2 24 76 64 59 71 89 75 65 58 69 96 21 45 99 84 33 61 88 6 93 10 90 70 47 11 19 51 78 28 23 42 55 56 79 91
TEST 6 ARG:39 3 52 88 81 4 14 74 17 70 69 43 0 47 77 94 97 89 62 24 56 27 32 61 42 54 65 45 83 8 55 41 67 93 25 68 76 71 60 31 28 2 13 44 16 51 48 96 63 26 35 50 98 29 34 5 21 87 72 57 73 18 86 78 79 40 90 19 85 59 23 6 20 15 99 80 33 46 53 22 10 37 12 95 75 91 84 49 38 1 58 82 11 66 36 92 30 64 7 9
TEST 7 ARG:42 41 78 11 1 35 28 44 84 52 99 53 18 26 12 36 43 4 5 50 90 49 97 20 60 76 61 75 94 80 93 57 7 67 10 23 66 72 73 82 17 77 2 29 30 64 59 62 19 89 88 15 74 9 37 27 71 39 48 40 25 14 46 83 22 6 63 58 79 31 38 34 87 0 45 24 21 68 51 33 86 95 98 32 13 81 92 8 96 91 54 47 70 69 3 55 56 85 65 16
TEST 8 ARG:2 83 25 13 57 88 9 66 77 60 92 46 74 48 61 67 49 44 50 72 3 12 65 87 14 37 58 21 85 99 26 55 51 11 10 82 47 32 24 27 93 91 42 34 70 1 59 86 31 19 84 71 79 64 54 0 40 39 7 62 56 30 15 89 80 8 29 41 23 16 73 35 63 94 81 33 69 68 22 95 76 96 45 52 5 18 6 17 98 36 53 43 4 38 90 20 78 97 75 28
TEST 9 ARG:83 35 80 32 1 20 59 16 69 97 37 71 65 34 86 44 67 40 45 18 3 76 64 85 31 78 68 21 53 4 61 27 90 6 81 24 39 48 75 42 73 60 94 57 55 33 79 14 17 84 99 52 9 91 19 25 98 7 26 77 62 23 15 29 54 92 56 74 95 28 0 70 66 43 30 46 51 50 82 5 58 88 93 2 13 22 10 72 36 96 89 63 12 87 11 38 49 8 41 47
TEST 10 ARG:53 85 46 34 79 60 62 28 82 66 52 88 1 42 87 51 86 63 96 41 70 61 25 6 23 30 5 18 71 58 56 35 26 15 78 94 84 13 7 14 19 76 38 11 24 3 44 68 65 48 69 77 98 99 49 55 0 83 8 32 2 33 57 47 22 10 4 40 67 36 91 45 73 54 72 31 80 27 64 59 81 20 12 43 90 16 74 89 21 93 17 75 92 39 97 9 50 37 29 95
TEST 11 ARG:4 19 97 39 91 88 35 81 59 89 82 48 70 42 60 78 80 55 51 64 92 16 8 21 10 93 57 15 27 33 30 45 41 87 13 96 7 73 14 40 29 99 20 86 84 79 38 90 65 36 69 6 26 12 18 22 47 11 83 9 49 56 52 24 62 68 31 54 37 77 63 44 32 25 76 2 3 43 46 95 23 74 94 53 17 34 28 85 75 50 98 67 71 0 1 5 72 61 58 66
TEST 12 ARG:59 73 86 68 41 94 46 64 45 95 37 16 25 75 66 97 32 77 65 84 15 70 61 85 23 69 36 50 62 98 83 72 71 0 11 52 4 24 18 92 14 60 29 43 1 96 42 7 12 87 82 90 6 63 44 2 89 35 67 76 9 88 54 38 79 26 40 91 58 22 17 49 48 13 34 27 39 21 8 51 33 74 20 80 5 30 53 93 47 3 78 28 81 55 19 57 10 31 99 56
TEST 13 ARG:87 89 55 84 29 76 78 17 4 30 77 68 67 72 73 98 92 80 38 32 66 79 82 11 21 99 42 18 39 85 19 86 36 51 48 28 41 60 3 34 7 20 62 75 93 53 59 1 8 23 52 63 24 94 64 35 74 54 40 83 45 16 50 10 70 71 69 57 56 58 95 61 14 37 47 65 12 88 9 33 26 91 81 22 96 49 15 31 25 97 44 13 90 43 46 6 0 27 2 5
TEST 14 ARG:6 96 0 62 75 77 73 52 34 17 10 68 93 91 42 58 18 20 70 60 95 37 39 81 5 38 48 82 31 23 97 78 33 57 88 89 80 27 14 47 36 54 21 28 2 66 16 67 26 59 53 11 76 29 71 15 92 65 86 51 69 32 22 13 94 7 87 85 24 25 61 35 9 8 55 83 43 19 41 74 40 63 64 1 50 45 98 44 79 30 72 12 99 49 90 56 3 84 4 46
TEST 15 ARG:94 81 17 4 97 65 26 19 28 36 72 27 80 93 50 55 46 10 99 75 64 58 66 43 52 20 54 51 77 33 79 31 37 47 14 67 0 22 61 76 6 53 82 39 68 88 89 95 3 24 84 98 16 42 56 23 44 74 7 21 8 1 5 92 78 59 45 90 34 48 41 87 40 18 96 38 49 35 13 12 9 70 73 15 69 62 2 71 32 63 86 57 85 83 11 29 91 30 25 60
TEST 16 ARG:92 64 48 89 12 0 39 32 97 29 80 91 82 38 23 95 53 93 44 66 73 17 37 58 90 96 7 59 2 11 43 10 71 25 56 35 36 81 54 84 67 47 3 15 77 70 20 27 21 6 55 33 69 49 31 99 57 76 4 79 24 45 1 5 46 78 40 86 87 34 13 28 72 14 52 51 41 42 8 50 19 16 22 75 63 30 74 94 65 9 61 88 26 98 18 60 68 62 83 85
TEST 17 ARG:48 90 74 93 1 59 50 99 62 24 58 76 53 10 42 71 21 30 16 27 77 75 6 68 70 73 35 39 52 95 67 2 15 22 79 86 84 28 11 5 33 37 14 31 91 19 0 51 55 56 94 3 26 98 78 45 23 49 87 46 17 69 60 43 72 57 7 66 81 92 47 63 44 65 80 82 36 54 85 13 41 20 61 32 38 88 83 8 40 9 25 18 12 29 64 34 97 4 89 96
TEST 18 ARG:30 72 44 65 60 75 18 58 21 9 94 68 61 97 90 34 31 66 82 54 89 8 57 22 38 71 59 37 39 62 63 92 67 93 74 47 78 11 1 73 86 27 29 56 45 26 12 41 23 83 2 3 55 81 77 33 20 88 14 19 70 76 35 17 28 46 79 48 53 25 84 52 16 0 4 91 13 69 42 6 87 98 40 49 43 96 7 24 5 99 50 10 80 51 15 95 32 85 64 36
TEST 19 ARG:98 13 77 61 78 9 55 81 72 4 68 48 69 24 19 88 49 66 27 58 43 96 28 53 51 15 25 99 23 47 14 94 59 2 45 79 40 76 6 17 60 67 34 73 71 22 52 92 46 1 63 85 84 86 0 37 32 62 65 44 50 26 7 18 56 74 3 70 29 8 39 89 12 57 21 91 5 87 80 33 31 36 16 38 90 20 95 83 11 82 30 54 10 64 75 97 93 41 35 42
TEST 20 ARG:95 69 22 76 71 19 99 21 67 2 34 3 30 84 44 83 89 55 47 65 86 75 45 66 36 31 46 26 4 70 81 38 8 64 40 88 90 37 50 27 80 11 98 54 73 48 60 92 59 53 7 41 74 94 96 51 28 56 9 13 5 35 85 49 93 52 18 20 29 91 17 82 78 12 58 1 79 25 23 33 72 97 63 16 43 14 42 32 68 10 57 62 6 87 0 77 39 61 15 24
TEST 21 ARG:81 10 67 46 48 75 65 68 76 63 32 51 14 88 34 47 52 42 45 13 41 90 54 59 31 83 38 96 21 69 49 94 77 35 80 58 19 27 70 6 0 64 3 24 53 92 9 86 93 43 61 97 40 91 11 16 25 4 87 72 18 8 85 5 79 73 26 1 7 84 55 89 20 15 74 44 98 33 99 36 66 23 37 56 30 62 2 78 39 17 95 60 29 71 57 22 50 12 82 28
TEST 22 ARG:92 11 68 57 65 94 40 33 20 1 76 63 56 25 47 45 49 60 42 22 66 78 67 9 35 90 6 29 54 8 7 84 51 95 50 83 17 62 72 26 4 32 58 79 64 24 71 81 52 93 10 5 21 28 2 88 53 15 36 85 75 70 98 55 44 77 30 16 19 41 69 59 12 97 48 73 31 89 61 91 37 14 96 46 18 43 86 13 80 3 23 39 27 34 87 82 99 0 38 74
TEST 23 ARG:72 50 49 30 88 71 44 84 87 35 93 67 64 54 76 51 78 21 75 91 4 56 83 77 86 15 73 97 66 53 80 1 55 46 6 60 24 8 61 38 92 3 26 65 85 43 41 22 13 14 63 81 18 37 62 9 74 29 45 31 70 7 12 25 23 19 10 47 99 0 40 69 68 79 58 5 34 11 95 96 27 94 89 90 59 42 98 16 33 82 52 57 32 36 17 28 39 20 48 2
TEST 24 ARG:99 49 70 1 46 82 10 30 86 4 52 7 47 66 23 71 0 75 81 29 37 60 76 43 59 88 63 21 39 68 20 27 25 15 3 5 9 11 91 69 2 31 73 74 14 16 18 54 96 50 62 12 13 40 87 80 6 94 45 38 85 26 48 65 41 95 56 89 44 24 53 55 28 72 98 61 42 92 19 83 78 67 64 36 35 90 33 57 34 58 22 32 79 8 77 17 51 97 93 84
TEST 25 ARG:60 45 17 56 97 99 77 40 7 39 93 55 29 37 59 43 8 64 57 31 76 87 47 28 36 66 61 58 26 80 24 54 50 23 78 69 38 95 27 1 16 92 70 83 6 12 11 79 18 85 25 73 98 90 82 65 52 21 51 42 67 44 0 53 35 4 22 14 13 33 89 9 62 3 63 71 94 84 32 48 75 49 5 34 74 88 41 91 46 30 96 15 68 86 19 20 2 10 81 72
TEST 26 ARG:36 95 38 86 53 99 2 11 48 44 69 12 81 31 22 56 83 23 71 96 24 51 54 80 52 3 13 28 76 84 47 21 20 17 5 37 55 15 40 10 87 90 70 30 29 49 75 77 68 7 34 85 65 18 0 82 74 58 26 50 19 1 39 8 35 98 57 6 94 33 62 16 9 4 43 97 93 72 67 60 91 64 79 32 42 25 92 78 45 46 89 14 66 27 41 59 63 73 88 61
TEST 27 ARG:49 36 44 9 52 21 18 54 98 89 39 72 95 23 85 99 62 92 25 38 68 86 4 7 40 97 31 91 51 76 42 59 47 75 55 28 64 3 27 12 48 90 14 1 81 46 11 65 83 37 35 61 20 78 71 67 66 30 50 56 57 5 32 84 74 70 29 16 19 94 22 33 77 60 96 87 15 2 82 34 17 93 79 53 73 69 45 13 6 80 63 8 58 0 10 43 24 26 41 88
